%Time (sec)	TC 1 - Near Chiller	TC 2	TC 3	TC 4	TC 5	TC 6	TC 7	TC 8 - Near Heater							10/27/2017	3:06 PM
0.0	12.4	12.1	12.0	12.1	12.2	12.1	12.4	12.3
10.0	12.4	12.1	12.0	12.1	12.2	12.1	12.4	12.3
20.0	12.4	12.1	12.0	12.1	12.2	12.1	12.4	12.3
30.0	12.4	12.1	12.0	12.1	12.2	12.1	12.4	12.3
40.0	12.4	12.1	12.0	12.1	12.2	12.1	12.4	12.3
50.0	12.4	12.0	12.0	12.1	12.2	12.1	12.4	12.3
60.0	12.4	12.1	12.0	12.1	12.2	12.1	12.4	12.3
70.0	12.4	12.1	12.0	12.1	12.2	12.1	12.4	12.3
80.0	12.4	12.0	12.0	12.1	12.2	12.1	12.4	12.3
90.0	12.4	12.1	12.0	12.1	12.2	12.1	12.4	12.3
100.0	12.4	12.1	12.0	12.1	12.2	12.1	12.4	12.4
110.0	12.4	12.1	12.0	12.1	12.3	12.2	12.5	12.5
120.0	12.4	12.1	12.1	12.1	12.3	12.2	12.5	12.6
130.0	12.4	12.1	12.1	12.2	12.3	12.3	12.6	12.7
140.0	12.4	12.1	12.1	12.2	12.4	12.4	12.7	12.8
150.0	12.4	12.2	12.2	12.3	12.4	12.5	12.8	12.9
160.0	12.5	12.2	12.2	12.3	12.5	12.6	12.9	13.0
170.0	12.5	12.2	12.3	12.4	12.6	12.7	13.0	13.2
180.0	12.5	12.3	12.3	12.5	12.7	12.8	13.1	13.3
190.0	12.6	12.3	12.4	12.5	12.8	12.9	13.2	13.4
200.0	12.6	12.4	12.5	12.6	12.8	13.0	13.3	13.5
210.0	12.6	12.4	12.5	12.7	12.9	13.0	13.4	13.6
220.0	12.7	12.5	12.6	12.7	13.0	13.2	13.5	13.8
230.0	12.7	12.5	12.6	12.8	13.1	13.3	13.6	13.9
240.0	12.7	12.6	12.7	12.9	13.2	13.4	13.7	14.0
250.0	12.8	12.6	12.8	13.0	13.3	13.5	13.8	14.1
260.0	12.8	12.7	12.8	13.0	13.3	13.5	13.9	14.2
270.0	12.8	12.7	12.9	13.1	13.4	13.6	14.0	14.3
280.0	12.9	12.8	12.9	13.2	13.5	13.7	14.1	14.4
290.0	12.9	12.8	13.0	13.2	13.6	13.8	14.2	14.5
300.0	12.9	12.8	13.0	13.3	13.6	13.9	14.3	14.6
310.0	13.0	12.9	13.1	13.4	13.7	14.0	14.4	14.7
320.0	13.0	12.9	13.1	13.4	13.8	14.0	14.4	14.8
330.0	13.0	13.0	13.2	13.5	13.8	14.1	14.5	14.9
340.0	13.1	13.0	13.2	13.5	13.9	14.2	14.6	15.0
350.0	13.1	13.0	13.3	13.6	14.0	14.2	14.7	15.0
360.0	13.1	13.1	13.3	13.6	14.0	14.3	14.7	15.1
370.0	13.1	13.1	13.4	13.7	14.1	14.4	14.8	15.2
380.0	13.2	13.2	13.4	13.7	14.1	14.4	14.9	15.3
390.0	13.2	13.2	13.4	13.8	14.2	14.5	14.9	15.3
400.0	13.2	13.2	13.5	13.8	14.2	14.5	15.0	15.4
410.0	13.2	13.2	13.5	13.9	14.3	14.6	15.1	15.4
420.0	13.3	13.3	13.6	13.9	14.3	14.7	15.1	15.5
430.0	13.3	13.3	13.6	13.9	14.4	14.7	15.2	15.6
440.0	13.3	13.3	13.6	14.0	14.4	14.7	15.2	15.6
450.0	13.3	13.4	13.6	14.0	14.5	14.8	15.3	15.7
460.0	13.3	13.4	13.7	14.1	14.5	14.8	15.3	15.7
470.0	13.4	13.4	13.7	14.1	14.5	14.9	15.4	15.8
480.0	13.4	13.4	13.7	14.1	14.6	14.9	15.4	15.8
490.0	13.4	13.5	13.8	14.2	14.6	15.0	15.5	15.9
500.0	13.4	13.5	13.8	14.2	14.6	15.0	15.5	15.9
510.0	13.4	13.5	13.8	14.2	14.7	15.0	15.6	15.9
520.0	13.4	13.5	13.8	14.2	14.7	15.1	15.6	16.0
530.0	13.5	13.5	13.9	14.3	14.7	15.1	15.6	16.0
540.0	13.5	13.5	13.9	14.3	14.8	15.1	15.7	16.1
550.0	13.5	13.6	13.9	14.3	14.8	15.2	15.7	16.1
560.0	13.5	13.6	13.9	14.3	14.8	15.2	15.7	16.1
570.0	13.5	13.6	13.9	14.4	14.8	15.2	15.8	16.2
580.0	13.5	13.6	14.0	14.4	14.9	15.2	15.8	16.2
590.0	13.6	13.6	14.0	14.4	14.9	15.3	15.8	16.2
600.0	13.6	13.6	14.0	14.4	14.9	15.3	15.8	16.3
610.0	13.6	13.7	14.0	14.4	14.9	15.3	15.9	16.3
620.0	13.6	13.7	14.0	14.5	15.0	15.4	15.9	16.3
630.0	13.6	13.7	14.1	14.5	15.0	15.4	15.9	16.4
640.0	13.6	13.7	14.1	14.5	15.0	15.4	16.0	16.4
650.0	13.6	13.7	14.1	14.5	15.0	15.4	16.0	16.4
660.0	13.6	13.7	14.1	14.5	15.0	15.4	16.0	16.4
670.0	13.7	13.7	14.1	14.6	15.1	15.5	16.0	16.5
680.0	13.7	13.8	14.1	14.6	15.1	15.5	16.1	16.5
690.0	13.7	13.8	14.1	14.6	15.1	15.5	16.1	16.5
700.0	13.7	13.8	14.1	14.6	15.1	15.5	16.1	16.5
710.0	13.7	13.8	14.2	14.6	15.1	15.5	16.1	16.5
720.0	13.7	13.8	14.2	14.6	15.1	15.5	16.1	16.6
730.0	13.7	13.8	14.2	14.6	15.2	15.6	16.1	16.6
740.0	13.7	13.8	14.2	14.7	15.2	15.6	16.2	16.6
750.0	13.7	13.8	14.2	14.7	15.2	15.6	16.2	16.6
760.0	13.7	13.8	14.2	14.7	15.2	15.6	16.2	16.6
770.0	13.7	13.9	14.2	14.7	15.2	15.6	16.2	16.7
780.0	13.7	13.9	14.3	14.7	15.2	15.6	16.2	16.7
790.0	13.7	13.9	14.3	14.7	15.3	15.7	16.3	16.7
800.0	13.8	13.9	14.3	14.7	15.3	15.7	16.3	16.7
810.0	13.7	13.9	14.3	14.7	15.3	15.7	16.3	16.7
820.0	13.8	13.9	14.3	14.7	15.3	15.7	16.3	16.7
830.0	13.8	13.9	14.3	14.8	15.3	15.7	16.3	16.7
840.0	13.8	13.9	14.3	14.8	15.3	15.7	16.3	16.8
850.0	13.8	13.9	14.3	14.8	15.3	15.7	16.3	16.8
860.0	13.8	13.9	14.3	14.8	15.3	15.7	16.3	16.8
870.0	13.8	13.9	14.3	14.8	15.3	15.8	16.4	16.8
880.0	13.8	13.9	14.3	14.8	15.3	15.8	16.4	16.8
890.0	13.8	13.9	14.3	14.8	15.4	15.8	16.4	16.8
900.0	13.8	13.9	14.3	14.8	15.4	15.8	16.4	16.8
910.0	13.8	13.9	14.3	14.8	15.4	15.8	16.4	16.9
920.0	13.8	13.9	14.3	14.8	15.4	15.8	16.4	16.9
930.0	13.8	14.0	14.3	14.8	15.4	15.8	16.4	16.9
940.0	13.8	13.9	14.3	14.8	15.4	15.8	16.4	16.9
950.0	13.8	14.0	14.4	14.8	15.4	15.8	16.4	16.9
960.0	13.8	14.0	14.4	14.9	15.4	15.8	16.4	16.9
970.0	13.8	14.0	14.4	14.9	15.4	15.8	16.5	16.9
980.0	13.8	14.0	14.4	14.9	15.4	15.8	16.5	16.9
990.0	13.8	14.0	14.4	14.9	15.4	15.8	16.5	16.9
1000.0	13.8	14.0	14.4	14.9	15.4	15.8	16.5	16.9
1010.0	13.9	14.0	14.4	14.9	15.4	15.9	16.5	17.0
1020.0	13.8	14.0	14.4	14.9	15.4	15.9	16.5	17.0
1030.0	13.9	14.0	14.4	14.9	15.4	15.9	16.5	17.0
1040.0	13.9	14.0	14.4	14.9	15.5	15.9	16.5	17.0
1050.0	13.9	14.0	14.4	14.9	15.5	15.9	16.5	17.0
1060.0	13.9	14.0	14.4	14.9	15.5	15.9	16.5	17.0
1070.0	13.9	14.0	14.4	14.9	15.5	15.9	16.5	17.0
1080.0	13.9	14.0	14.4	14.9	15.5	15.9	16.5	17.0
1090.0	13.9	14.0	14.4	14.9	15.5	15.9	16.5	17.0
1100.0	13.9	14.0	14.4	14.9	15.5	15.9	16.5	17.0
1110.0	13.9	14.0	14.4	14.9	15.5	15.9	16.5	17.0
1120.0	13.9	14.0	14.4	14.9	15.5	15.9	16.5	17.0
1130.0	13.9	14.0	14.4	14.9	15.5	15.9	16.6	17.0
1140.0	13.9	14.0	14.4	14.9	15.5	15.9	16.6	17.0
1150.0	13.9	14.0	14.4	14.9	15.5	15.9	16.6	17.0
1160.0	13.9	14.0	14.5	15.0	15.5	16.0	16.6	17.0
1170.0	13.9	14.0	14.5	15.0	15.5	15.9	16.6	17.0
1180.0	13.9	14.0	14.5	15.0	15.5	15.9	16.6	17.1
1190.0	13.9	14.0	14.5	15.0	15.5	15.9	16.6	17.0
1200.0	13.9	14.0	14.5	15.0	15.5	16.0	16.6	17.1
1210.0	13.9	14.0	14.5	15.0	15.5	15.9	16.6	17.1
1220.0	13.9	14.0	14.5	15.0	15.5	16.0	16.6	17.1
1230.0	13.9	14.0	14.5	15.0	15.5	16.0	16.6	17.1
1240.0	13.9	14.1	14.5	15.0	15.5	16.0	16.6	17.1
1250.0	13.9	14.0	14.5	15.0	15.5	16.0	16.6	17.1
1260.0	13.9	14.1	14.5	15.0	15.6	16.0	16.6	17.1
1270.0	13.9	14.1	14.5	15.0	15.6	16.0	16.6	17.1
1280.0	13.9	14.0	14.5	15.0	15.5	16.0	16.6	17.1
1290.0	13.9	14.1	14.5	15.0	15.6	16.0	16.6	17.1
1300.0	13.9	14.0	14.5	15.0	15.5	16.0	16.6	17.1
1310.0	13.9	14.1	14.5	15.0	15.6	16.0	16.6	17.1
1320.0	13.9	14.1	14.5	15.0	15.6	16.0	16.6	17.1
1330.0	13.9	14.1	14.5	15.0	15.6	16.0	16.6	17.1
1340.0	13.9	14.1	14.5	15.0	15.6	16.0	16.6	17.1
1350.0	13.9	14.1	14.5	15.0	15.6	16.0	16.6	17.1
1360.0	13.9	14.1	14.5	15.0	15.6	16.0	16.6	17.1
1370.0	13.9	14.1	14.5	15.0	15.6	16.0	16.6	17.1
1380.0	13.9	14.1	14.5	15.0	15.6	16.0	16.7	17.1
1390.0	13.9	14.1	14.5	15.0	15.6	16.0	16.7	17.1
1400.0	13.9	14.1	14.5	15.0	15.6	16.0	16.7	17.1
1410.0	13.9	14.1	14.5	15.0	15.6	16.0	16.7	17.1
1420.0	13.9	14.1	14.5	15.0	15.6	16.0	16.7	17.1
1430.0	13.9	14.1	14.5	15.0	15.6	16.0	16.7	17.1
1440.0	13.9	14.1	14.5	15.0	15.6	16.0	16.7	17.1
1450.0	13.9	14.1	14.5	15.0	15.6	16.0	16.7	17.2
1460.0	13.9	14.1	14.5	15.0	15.6	16.0	16.7	17.2
1470.0	14.0	14.1	14.5	15.0	15.6	16.0	16.7	17.2
1480.0	13.9	14.1	14.5	15.0	15.6	16.0	16.7	17.2
1490.0	13.9	14.1	14.5	15.0	15.6	16.0	16.7	17.2
1500.0	13.9	14.1	14.5	15.0	15.6	16.0	16.7	17.2
1510.0	13.9	14.1	14.5	15.0	15.6	16.0	16.7	17.2
1520.0	13.9	14.1	14.5	15.0	15.6	16.0	16.7	17.2
1530.0	14.0	14.1	14.5	15.0	15.6	16.0	16.7	17.2
1540.0	14.0	14.1	14.5	15.0	15.6	16.0	16.7	17.2
1550.0	14.0	14.1	14.5	15.0	15.6	16.0	16.7	17.2
1560.0	14.0	14.1	14.5	15.0	15.6	16.0	16.7	17.2
1570.0	14.0	14.1	14.5	15.0	15.6	16.0	16.7	17.2
1580.0	14.0	14.1	14.5	15.0	15.6	16.0	16.7	17.2
1590.0	14.0	14.1	14.5	15.0	15.6	16.0	16.7	17.2
1600.0	14.0	14.1	14.5	15.0	15.6	16.1	16.7	17.2
1610.0	13.9	14.1	14.5	15.0	15.6	16.0	16.7	17.2
1620.0	14.0	14.1	14.5	15.0	15.6	16.1	16.7	17.2
1630.0	14.0	14.1	14.5	15.0	15.6	16.1	16.7	17.2
1640.0	14.0	14.1	14.5	15.0	15.6	16.0	16.7	17.2
1650.0	14.0	14.1	14.5	15.0	15.6	16.1	16.7	17.2
1660.0	14.0	14.1	14.5	15.0	15.6	16.0	16.7	17.2
1670.0	14.0	14.1	14.5	15.0	15.6	16.1	16.7	17.2
1680.0	14.0	14.1	14.5	15.0	15.6	16.1	16.7	17.2
1690.0	14.0	14.1	14.5	15.0	15.6	16.0	16.7	17.2
1700.0	14.0	14.1	14.5	15.0	15.6	16.1	16.7	17.2
1710.0	14.0	14.1	14.5	15.0	15.6	16.1	16.7	17.2
1720.0	14.0	14.1	14.5	15.0	15.6	16.1	16.7	17.2
1730.0	14.0	14.1	14.5	15.0	15.6	16.1	16.7	17.2
1740.0	14.0	14.1	14.5	15.1	15.6	16.1	16.7	17.2
1750.0	14.0	14.1	14.6	15.1	15.6	16.1	16.7	17.2
1760.0	14.0	14.1	14.5	15.0	15.6	16.1	16.7	17.2
1770.0	14.0	14.1	14.5	15.1	15.6	16.1	16.7	17.2
1780.0	14.0	14.1	14.5	15.1	15.6	16.1	16.7	17.2
1790.0	14.0	14.1	14.5	15.1	15.6	16.1	16.7	17.2
1800.0	14.0	14.1	14.6	15.1	15.7	16.1	16.7	17.2
1810.0	14.0	14.1	14.5	15.1	15.7	16.1	16.7	17.2
1820.0	14.0	14.1	14.5	15.1	15.6	16.1	16.7	17.2
1830.0	14.0	14.1	14.5	15.1	15.7	16.1	16.7	17.2
1840.0	14.0	14.1	14.6	15.1	15.7	16.1	16.8	17.2
1850.0	14.0	14.1	14.6	15.1	15.7	16.1	16.8	17.2
1860.0	14.0	14.1	14.5	15.1	15.6	16.1	16.7	17.2
1870.0	14.0	14.1	14.6	15.1	15.7	16.1	16.7	17.2
1880.0	14.0	14.1	14.6	15.1	15.7	16.1	16.8	17.2
1890.0	14.0	14.1	14.6	15.1	15.7	16.1	16.7	17.2
1900.0	14.0	14.1	14.6	15.1	15.7	16.1	16.7	17.2
1910.0	14.0	14.1	14.6	15.1	15.7	16.1	16.8	17.2
1920.0	14.0	14.1	14.6	15.1	15.7	16.1	16.8	17.2
1930.0	14.0	14.1	14.6	15.1	15.7	16.1	16.8	17.2
1940.0	14.0	14.1	14.6	15.1	15.7	16.1	16.8	17.2
1950.0	14.0	14.1	14.6	15.1	15.7	16.1	16.8	17.2
1960.0	14.0	14.1	14.6	15.1	15.7	16.1	16.8	17.2
1970.0	14.0	14.1	14.6	15.1	15.7	16.1	16.8	17.2
1980.0	14.0	14.1	14.6	15.1	15.7	16.1	16.8	17.3
1990.0	14.0	14.1	14.6	15.1	15.7	16.1	16.8	17.2
2000.0	14.0	14.1	14.6	15.1	15.7	16.1	16.8	17.2
2010.0	14.0	14.1	14.6	15.1	15.7	16.1	16.8	17.2
2020.0	14.0	14.2	14.6	15.1	15.7	16.1	16.8	17.2
2030.0	14.0	14.1	14.6	15.1	15.7	16.1	16.8	17.2
2040.0	14.0	14.1	14.6	15.1	15.7	16.1	16.8	17.3
2050.0	14.0	14.1	14.6	15.1	15.7	16.1	16.8	17.2
2060.0	14.0	14.1	14.6	15.1	15.7	16.1	16.8	17.2
2070.0	14.0	14.1	14.6	15.1	15.7	16.1	16.8	17.2
2080.0	14.0	14.1	14.6	15.1	15.7	16.1	16.8	17.2
2090.0	14.0	14.1	14.6	15.1	15.7	16.1	16.7	17.2
2100.0	14.0	14.1	14.6	15.1	15.7	16.1	16.8	17.3
2110.0	14.0	14.1	14.6	15.1	15.7	16.1	16.8	17.3
2120.0	14.0	14.1	14.6	15.1	15.7	16.1	16.8	17.3
2130.0	14.0	14.1	14.6	15.1	15.7	16.1	16.8	17.2
2140.0	14.0	14.2	14.6	15.1	15.7	16.1	16.8	17.3
2150.0	14.0	14.1	14.6	15.1	15.7	16.1	16.8	17.2
2160.0	14.0	14.1	14.6	15.1	15.7	16.1	16.8	17.3
2170.0	14.0	14.1	14.6	15.1	15.7	16.1	16.8	17.3
2180.0	14.0	14.1	14.6	15.1	15.7	16.1	16.8	17.3
2190.0	14.0	14.1	14.6	15.1	15.7	16.1	16.8	17.3
2200.0	14.0	14.2	14.6	15.1	15.7	16.1	16.8	17.3
2210.0	14.0	14.1	14.6	15.1	15.7	16.1	16.8	17.3
2220.0	14.0	14.2	14.6	15.1	15.7	16.1	16.8	17.3
2230.0	14.0	14.1	14.6	15.1	15.7	16.1	16.8	17.3
2240.0	14.0	14.1	14.6	15.1	15.7	16.1	16.8	17.3
2250.0	14.0	14.1	14.6	15.1	15.7	16.1	16.8	17.2
2260.0	14.0	14.2	14.6	15.1	15.7	16.1	16.8	17.3
2270.0	14.0	14.1	14.6	15.1	15.7	16.1	16.8	17.3
2280.0	14.0	14.2	14.6	15.1	15.7	16.1	16.8	17.3
2290.0	14.0	14.2	14.6	15.1	15.7	16.1	16.8	17.3
2300.0	14.0	14.1	14.6	15.1	15.7	16.1	16.8	17.3
2310.0	14.0	14.1	14.6	15.1	15.7	16.1	16.8	17.2
2320.0	14.0	14.1	14.6	15.1	15.7	16.1	16.8	17.2
2330.0	14.0	14.1	14.6	15.1	15.7	16.1	16.8	17.3
2340.0	14.0	14.1	14.6	15.1	15.7	16.1	16.8	17.3
2350.0	14.0	14.2	14.6	15.1	15.7	16.1	16.8	17.3
2360.0	14.0	14.1	14.6	15.1	15.7	16.1	16.8	17.3
2370.0	14.0	14.1	14.6	15.1	15.7	16.1	16.8	17.3
2380.0	14.0	14.2	14.6	15.1	15.7	16.1	16.8	17.3
2390.0	14.0	14.1	14.6	15.1	15.7	16.1	16.8	17.3
2400.0	14.0	14.1	14.6	15.1	15.7	16.1	16.8	17.3
2410.0	14.0	14.2	14.6	15.1	15.7	16.1	16.8	17.3
2420.0	14.0	14.1	14.6	15.1	15.7	16.1	16.8	17.3
2430.0	14.0	14.1	14.6	15.1	15.7	16.1	16.8	17.3
2440.0	14.0	14.1	14.6	15.1	15.7	16.1	16.8	17.3
2450.0	14.0	14.1	14.6	15.1	15.7	16.1	16.8	17.3
2460.0	14.0	14.2	14.6	15.1	15.7	16.1	16.8	17.3
2470.0	14.0	14.2	14.6	15.1	15.7	16.1	16.8	17.3
2480.0	14.0	14.2	14.6	15.1	15.7	16.1	16.8	17.3
2490.0	14.0	14.2	14.6	15.1	15.7	16.1	16.8	17.3
2500.0	14.0	14.2	14.6	15.1	15.7	16.1	16.8	17.3
2510.0	14.0	14.1	14.6	15.1	15.7	16.1	16.8	17.3
2520.0	14.0	14.1	14.6	15.1	15.7	16.1	16.8	17.3
2530.0	14.0	14.2	14.6	15.1	15.7	16.1	16.8	17.3
2540.0	14.0	14.2	14.6	15.1	15.7	16.1	16.8	17.3
2550.0	14.0	14.1	14.6	15.1	15.7	16.1	16.8	17.3
